[window_normalization]
global_mean = 1.6419188287181485
global_std = 0.11252158772846206

[feature_stats]
MAV = [0.5290656415112962, 0.6015628121511317]
WL = [24.048595703063157, 31.310377669408656]
WAMP = [142.14930276213462, 48.75853818330601]
MAVS = [-5.970701992638479e-5, 0.17692540561836567]

[preprocessing_config]
sampling_rate = 1000
window_size = 200
window_overlap = 0.25
sequence_length = 3
windows_count = 3
low_cut = 20
high_cut = 499
filter_order = 7
wamp_threshold = 0.02
features = ["MAV", "WL", "WAMP", "MAVS"]
normalization = "MeanStd"

[model]
model_file_path = "LSTM_variant_1.tflite"
test_file_path = 'edited_0205-133839record_N.csv'
log_file_path = 'log.csv'
buffer_len = 10
